// Size: 10x10
// Mines: 30

int[] board = {
     0,  1,  3, -1,  3,  1,  3, -1,  3,  1, 
     0,  1, -1, -1,  4, -1,  3, -1, -1,  1, 
     1,  3,  3,  4, -1,  2,  2,  2,  2,  1, 
    -1,  4, -1,  2,  2,  3,  3,  2,  2,  1, 
    -1, -1,  3,  1,  1, -1, -1, -1,  3, -1, 
     3, -1,  4,  2,  2,  3,  5, -1,  3,  1, 
     1,  2, -1, -1,  2,  3, -1,  4,  2,  1, 
     0,  1,  2,  3,  4, -1, -1,  5, -1,  2, 
     1,  2,  2,  2, -1, -1, -1,  4, -1,  2, 
     1, -1, -1,  2,  2,  3,  2,  2,  1,  1
};

int[] puzzle = {
    -1, -1, -1, -1,  3, -1, -1, -1,  3, -1, 
    -1,  1, -1, -1, -1, -1,  3, -1, -1,  1, 
    -1,  3,  3,  4, -1,  2, -1,  2, -1, -1, 
    -1,  4, -1,  2, -1,  3, -1, -1,  2, -1, 
    -1, -1,  3, -1,  1, -1, -1, -1,  3, -1, 
    -1, -1,  4, -1, -1,  3,  5, -1, -1,  1, 
     1, -1, -1, -1, -1,  3, -1, -1,  2,  1, 
    -1, -1, -1,  3, -1, -1, -1, -1, -1,  2, 
     1,  2, -1, -1, -1, -1, -1, -1, -1, -1, 
     1, -1, -1, -1,  2,  3,  2,  2,  1, -1
};
